20
84
568
574
645
655
754
817
865
891
1146
1162
1285
1307
1448
1474
1477
1582
1603
1661
1679
1736
1871
1926
2031
2091
2180
2248
2363
2452
2481
2580
2680
2705
2801
2911
3078
3212
3261
3329
3336
3340
3428
3524
3539
3656
3715
4009
4088
4121
4174
4218
4341
4554
4557
4583
4612
4981
5402
5413
5924
5943
6190
6315
6331
6397
6559
6670
6751
6775
6814
6815
6879
7045
7374
7503
7523
7634
7836
8056
8122
8134
8165
8189
8395
8495
8715
8742
8946
8962
9099
9175
9196
9355
9439
9498
9528
10183
10314
10403
10411
10474
10506
10536
10593
10813
10815
10920
10923
10974
11085
11135
11233
11381
11502
11509
11584
11639
11663
11759
11779
11815
11952
11963
12294
12314
12452
12643
12938
13170
13188
13248
13427
13435
13497
13834
13888
14104
14234
14453
14507
14544
14588
14609
14703
14710
14725
14768
14770
14857
14872
15113
15214
15243
15336
15403
15477
15854
15861
15923
15943
15982
16030
16121
16141
16155
16235
16332
16341
16399
16529
16539
16599
16661
16668
16675
16677
16717
16915
16937
16988
17074
17160
17161
17231
17237
17290
17317
17409
17511
17652
17723
17816
17904
17936
18027
18098
18225
18258
18314
18366
18532
18632
18853
18904
18933
18997
19015
19166
19295
19353
19436
19531
19824
19899
20045
20065
20590
20674
20747
20781
20844
20948
21039
21176
21321
21326
21369
21911
21945
22026
22066
22072
22201
22261
22408
22660
22707
22717
22753
22943
22976
23101
23117
23221
23242
23287
23381
23414
24351
24840
24928
25010
25323
25354
25371
25393
25431
25824
25854
26134
26198
26273
26466
26659
26678
26717
26765
26935
26965
27057
27184
27191
27301
27402
27576
27756
27782
27805
27825
27852
27959
27967
28018
28129
28256
28310
28426
28612
28619
28716
28723
28772
28911
29025
29047
29110
29191
29233
29253
29309
29366
29621
29773
29776
29784
29904
30049
30140
30219
30223
30248
30282
30314
30412
30413
30479
30501
30531
30626
30634
30647
31027
31065
31122
31394
31471
31505
31617
31671
31681
31749
31811
31844
31851
31930
32029
32084
32173
32318
32434
32450
32490
32543
32592
32698
32749
32753
32906
33236
33304
33309
33408
33459
33506
33526
33614
33644
33686
33698
33722
33836
33847
33933
33941
34018
34110
34197
34255
34256
34257
34333
34477
34545
34594
34691
34724
34736
34755
34773
35169
35233
35288
35524
35528
35699
35809
36000
36098
36224
36229
36411
36488
36503
36865
36867
36956
37026
37059
37274
37314
37489
37608
37858
37929
38086
38281
38399
38428
38479
38962
39078
39182
39196
39346
39398
39509
39517
40024
40069
40361
40428
40501
40553
40564
40666
40873
40993
41123
41206
41255
41295
41320
41341
41431
41454
41555
41631
41698
41734
41758
41780
41790
41816
41966
42139
42206
42249
42260
42277
42386
42480
42591
42745
42865
43044
43135
43337
43453
43475
43639
43888
43987
43988
44127
44324
44496
44704
44994
45012
45045
45139
45420
45607
45798
45806
45888
46019
46132
46312
46337
46572
46604
46612
46632
46765
46787
46796
46992
47038
47140
47240
47288
47293
47415
47511
47535
47557
47581
47587
47590
47623
47709
47736
48106
48229
48269
48411
48523
48537
48692
48706
48783
48802
48848
49023
49112
49113
49125
49363
49458
49477
49634
49708
49835
49845
50052
50155
50298
50334
50468
50494
50606
50668
50755
50831
50851
51162
51204
51221
51236
51241
51368
51725
51798
51936
52019
52236
52261
52281
52316
52519
52559
52920
52933
52999
53294
53304
53321
53390
53479
53798
53856
53945
53960
54043
54098
54142
54258
54344
54438
54447
54562
54663
54707
54742
54760
54813
54886
55117
55452
55572
55603
55810
55852
55872
55882
55973
56198
56258
56492
56608
56725
56737
56756
56786
57285
57297
57317
57359
57369
57374
57484
57643
57667
57730
57778
58024
58251
58382
58394
58428
58439
58469
58516
58518
58528
58629
58764
58830
58849
58901
59046
59285
59366
59468
59488
59628
59655
59679
59803
59842
59955
59993
60130
60239
60310
60339
60485
60617
60759
60837
60972
60975
61040
61174
61218
61224
61254
61260
61350
61401
61552
61652
61815
61988
62153
62176
62282
62419
62526
62592
63096
63108
63181
63245
63246
63338
63403
63448
63571
63584
63616
63959
64225
64230
64266
64304
64336
64502
64624
64633
64651
64710
64743
64762
64821
65127
65179
65256
65555
65589
65603
65638
65739
65833
65835
66475
66591
67000
67128
67167
67377
67379
67541
67655
67778
67911
68105
68127
68192
68515
68576
68594
68648
68683
68874
69043
69105
69394
69464
69748
69823
69899
69910
70022
70033
70441
70519
70572
70647
70652
70840
70937
70940
70968
71035
71254
71274
71355
71433
71487
71526
71638
71693
71751
71775
71804
71918
71997
72038
72070
72079
72083
72161
72244
72337
72401
72402
72477
72637
72704
72887
73230
73403
73460
73527
73653
73666
74070
74097
74112
74137
74151
74265
74319
74490
74566
74837
75311
75361
75534
75624
75801
75828
75886
76262
76551
76619
76667
76680
76706
76710
76717
76745
76793
76832
76870
76980
77037
77090
77521
77675
77862
78051
78083
78416
78492
78549
78551
78715
78722
79014
79269
79387
79430
79529
79741
79793
79841
79928
80036
80095
80266
80317
80333
80365
80465
80592
80958
81011
81120
81169
81330
81494
81798
81820
81936
82036
82128
82229
82432
82540
82619
82629
82821
82933
82956
83034
83078
83121
83133
83296
83297
83386
83403
83429
83440
83494
83527
83913
84010
84011
84094
84171
84335
84780
84925
84960
85069
85079
85141
85251
85258
85336
85357
85539
85559
85568
85787
85927
86089
86120
86253
86399
86689
86836
86868
86889
86901
86941
87116
87233
87263
87299
87520
87551
87567
87639
87691
87843
87909
87973
88000
88257
88586
88617
88726
88793
88835
88845
88867
88926
88992
89130
89161
89301
89338
89467
89698
89952
89969
90101
90124
90224
90278
90510
90648
90663
90707
90798
90823
91008
91293
91307
91416
91560
91838
91923
92062
92075
92077
92078
92165
92273
92442
92454
92569
92651
92679
92781
92788
92828
92840
92938
92947
93005
93067
93073
93107
93179
93193
93200
93451
93487
93575
93630
93661
93681
93732
93939
94020
94037
94089
94095
94107
94501
94514
94547
94694
94751
94780
94826
94878
94895
95400
95527
95570
95860
96003
96008
96121
96432
96779
96811
97087
97144
97171
97233
97373
97457
97633
97871
98028
98030
98049
98102
98114
98150
98541
98542
98582
98890
98975
99080
99504
99592
99903
99963
99997
100123
100762
100804
100839
100889
100914
100969
100993
101016
101076
101122
101181
101259
101383
101633
101645
101650
101837
101879
102044
102068
102118
102283
102370
102375
102414
102445
102488
102676
102803
102966
102996
103043
103045
103050
103056
103481
103489
103498
103543
103634
103845
103975
104016
104024
104426
104446
104464
104530
104612
104731
104741
104979
105247
105269
105383
105530
105577
105898
105988
106036
106080
106234
106291
106390
106591
106631
106634
106645
106744
106775
106809
106856
107045
107080
107117
107125
107129
107171
107222
107244
107331
107456
107522
107557
107797
107982
108051
108073
108081
108086
108225
108299
108362
108441
108512
108814
108836
108948
109039
109110
109297
109362
109418
109757
109887
109950
109973
110221
110418
110532
110837
110957
111036
111047
111057
111071
111194
111206
111214
111216
111230
111330
111338
111536
111658
111812
112103
112165
112188
112338
112658
112689
112864
113263
113327
113414
113487
113543
113604
113747
113857
113895
113924
113953
113959
114028
114066
114079
114183
114397
114417
114495
114617
114927
114957
114966
114969
114985
114989
115047
115149
115273
115402
115820
115875
115943
116253
116335
116459
116471
116518
116548
116676
116739
116772
116869
116882
116928
117127
117154
117182
117538
117556
117627
117662
117857
117875
118013
118034
118036
118114
118197
118236
118248
118260
118415
118484
118493
118509
118698
118710
118759
118769
118924
118926
118927
119031
119045
119093
119123
119187
119276
119331
119333
119358
119379
119645
119749
119866
119999
120001
120122
120244
120551
120741
120845
121003
121234
121254
121336
121421
121424
121439
121494
121688
121904
121956
122144
122149
122170
122253
122349
122360
122392
122593
122713
122883
122997
123072
123078
123166
123258
123270
123462
123503
123697
123810
123943
124113
124179
124311
124316
124432
124450
124489
124615
124625
124640
124739
124847
124908
124980
125028
125091
125146
125332
125478
125555
125706
125796
125803
125852
125912
126045
126197
126282
126290
126293
126299
126303
126450
126566
126617
126645
126691
126754
126929
127126
127224
127283
127346
127640
127710
127837
127886
127913
128005
128033
128087
128326
128655
128769
128875
128923
128975
129038
129073
129585
129700
129778
129846
130019
130067
130154
130208
130418
130492
130752
130778
130822
131073
131182
131257
131289
131373
131432
131447
131565
131832
131883
132173
132180
132195
132234
132335
132454
132614
132642
132829
132990
133059
133079
133397
133517
133777
133793
133942
134400
134862
134908
135262
135368
135398
135419
135588
135865
135914
135955
135967
135972
136049
136324
136569
136598
136609
136629
136690
136709
136819
136928
137116
137161
137178
137331
137438
137518
137551
137677
138008
138252
138264
138355
138362
138424
138504
138651
138658
138805
138919
138942
139675
139683
139740
139854
140075
140184
140347
140524
140527
140551
140656
140684
140760
140964
141089
141097
141132
141169
141177
141273
141475
141502
141511
141578
141601
141675
141723
142139
142373
142399
142413
142479
142606
142814
142859
142899
143112
143274
143331
143525
143569
143890
143968
144047
144052
144077
144353
144362
144391
144407
144504
144539
144628
144730
144738
144963
144965
144980
145029
145044
145305
145380
145529
145586
145621
145762
145763
145783
145972
146573
146639
146682
146854
146898
146902
146965
146976
147122
147147
147413
147414
147530
147708
147947
147953
148097
148106
148252
148400
148401
148450
148682
148856
149001
149003
149015
149385
149675
149677
149742
149761
149831
149951
150083
150114
150178
150207
150374
150890
151267
151407
151427
151468
151677
151682
151779
151825
151888
151908
151968
152025
152040
152061
152091
152177
152301
152328
152329
152455
152542
152597
152608
152653
152762
152967
153101
153107
153156
153207
153286
153330
153528
153529
153751
153840
153893
153934
153990
153995
154002
154101
154251
154256
154347
154368
154662
154783
154902
155318
155332
155513
155586
155683
155794
155931
155938
156028
156049
156057
156192
156350
156390
156540
156624
156794
156851
157081
157103
157120
157167
157269
157556
157696
158017
158090
158232
158365
158422
158457
158556
158658
158761
158772
158847
159162
159187
159304
159551
159784
159805
159859
159931
160006
160360
160533
160609
160733
160742
160868
160977
161191
161668
161701
161714
161986
162094
162184
162214
162441
162535
162604
162621
162735
163002
163096
163113
163158
163180
163414
163530
163888
164009
164155
164201
164451
164552
164683
164726
164851
164884
165002
165017
165020
165171
165179
165195
165233
165283
165489
165568
165697
165909
165912
166036
166227
166304
166316
166491
166502
166565
166656
166772
166774
166924
166965
167008
167022
167055
167094
167205
167356
167411
167505
167747
167768
167790
167795
167945
167978
168088
168126
168285
168352
168391
168651
168718
168756
169007
169101
169109
169169
169191
169240
169344
169374
169378
169431
169533
169698
169730
169748
169793
169876
170043
170047
170075
170117
170208
170247
170286
170537
170641
170686
170882
170930
170998
171072
171239
171522
171607
171723
171735
171841
172075
172384
172515
172517
172602
172633
172657
172933
173012
173285
173366
173580
173695
173869
174002
174154
174291
174584
174658
174723
174750
174822
174839
174894
175101
175188
175210
175308
175330
175370
175453
175545
175547
175570
175740
175858
175899
175963
176068
176202
176235
176253
176279
176328
176436
176762
177138
177150
177157
177161
177201
177283
177290
177311
177485
177541
177647
177668
177793
177885
177947
178153
178429
178572
178674
178793
178860
178962
179143
179304
179339
179351
179374
179472
179501
179514
179547
179828
179848
180038
180122
180128
180443
180612
180677
180844
181287
181340
181388
181403
181507
181745
181988
182008
182102
182128
182156
182438
182604
182754
182795
183044
183112
183536
183914
184023
184039
184386
184447
184903
185161
185206
185270
185316
185363
185722
185798
185992
186136
186230
186254
186431
186445
186484
186536
186891
187168
187287
187413
187685
187705
187770
187833
187921
188064
188202
188454
188668
188899
188903
189381
189659
189831
189846
189886
189913
189954
189965
189981
190145
190162
190183
190356
190518
190660
190668
190704
190847
190850
190879
190951
190996
191008
191039
191108
191315
191390
191427
191453
191525
191642
191778
191846
191964
191999
192078
192112
192137
192191
192199
192222
192302
192424
192584
192623
192645
192770
192795
192886
192973
193021
193091
193143
193180
193382
193555
193786
193871
193908
193939
194124
194145
194251
194331
194521
194718
194719
194916
194934
194974
195080
195094
195220
195311
195347
195446
195501
195506
195507
195601
195704
195850
195875
195980
196059
196212
196341
196531
196702
197019
197137
197206
197308
197416
197552
197570
197675
197883
197892
197896
198038
198150
198201
198204
198431
198439
198476
198508
198637
198736
198766
198785
198819
198851
198864
198914
198988
199036
199242
199346
199424
199431
199432
199516
199619
199632
199707
199732
199740
200106
200228
200231
200421
200477
200497
200518
200671
200820
200852
200938
201102
201107
201187
201206
201481
201515
201570
201674
201721
201722
201760
201872
201953
201991
202117
202204
202232
202462
202518
202614
202638
202661
202665
202745
202785
202875
203082
203134
203136
203152
203413
203567
203680
203719
203942
203966
203991
204105
204138
204189
204425
204514
204529
204569
204811
204917
205129
205229
205409
205425
205544
205597
205632
205752
206037
206069
206328
206382
206470
206552
206591
206686
206780
206895
206954
207056
207160
207229
207291
207314
207377
207390
207410
207508
207695
207708
207733
208090
208306
208379
208478
208527
208537
208583
208912
209089
209147
209170
209177
209336
209343
209584
209602
209776
209796
209862
209866
210008
210425
210592
210783
211207
211438
211531
211629
211843
212042
212054
212421
212488
212508
212610
212667
212731
212986
213078
213143
213282
213369
213391
213492
213525
213526
213745
213767
213832
213847
213911
213986
214028
214064
214138
214169
214495
214604
214768
214778
214781
214809
214901
214994
215053
215088
215235
215534
215853
215888
215992
216165
216185
216340
216403
216414
216657
216691
216854
216945
217027
217147
217203
217219
217308
217487
217527
217529
217661
217709
217728
217811
217847
217850
217941
217954
218004
218007
218105
218254
218293
218308
218413
218536
218714
218752
218975
219216
219339
219548
219567
219584
219595
219648
219686
219978
220317
220382
220502
220542
221068
221097
221184
221233
221424
221556
221763
221778
221783
222107
222373
222442
222570
222647
222657
222669
222840
222954
223076
223188
223302
223729
223869
223904
223911
223986
224052
224079
224122
224135
224150
224181
224238
224570
224783
225024
225149
225174
225288
225392
225439
225500
225581
225711
225892
225954
226001
226032
226073
226222
226246
226251
226461
226885
226924
226945
226977
227014
227029
227137
227187
227376
227507
227626
227718
227784
227945
228009
228072
228388
228424
228573
228822
228956
229020
229747
229748
229786
229808
229812
229953
229974
230001
230265
230509
230570
230698
230706
230853
231079
231099
231199
231355
231376
231613
231682
231724
231890
232117
232223
232376
232495
232557
232565
232937
233012
233051
233138
233269
233275
233371
233444
233520
233590
233591
233631
233643
233930
234015
234029
234102
234185
234192
234206
234273
234352
234386
234424
234436
234776
234803
234917
235141
235223
235256
235350
235360
235468
235489
235631
235732
235795
235816
235938
236005
236088
236224
236436
236734
236759
237084
237093
237145
237148
237274
237314
237368
237500
237508
237646
237720
238540
238548
238685
238732
238748
238825
239113
239182
239249
239259
239299
239306
239402
239587
239664
239840
239923
239939
240115
240134
240311
240328
240375
240573
240802
240900
240998
241028
241248
241292
241373
241468
241658
241901
241952
242004
242006
242127
242295
242393
242573
242579
242672
242680
242798
242874
242998
243136
243160
243222
243521
243876
243886
244004
244007
244020
244123
244143
244236
244493
244586
244617
244625
244654
244737
244882
245070
245136
245215
245258
245367
245385
245389
245550
245668
245823
245844
246086
246164
246451
246861
247028
247061
247161
247369
247611
247697
247845
247925
247992
248202
248218
248325
248387
248503
248556
248674
248786
249003
249095
249389
249504
249566
249717
249823
249958
249970
250129
250224
250231
250250
250701
250714
250810
250936
250948
251324
251782
251880
251990
252046
252191
252223
252230
252437
252539
252856
252874
252948
253050
253120
253168
253379
253457
253479
253504
253553
253643
253654
253790
253950
254128
254271
254283
254318
254325
254454
254520
254599
254772
254911
254994
255009
255201
255464
255628
255659
255823
255844
256143
256211
256522
256583
256713
256758
256772
257006
257057
257099
257317
257384
257864
258064
258210
258241
258593
258829
258930
258951
259010
259038
259099
259210
259316
259457
259463
259553
259798
259954
259960
259961
259994
260027
260032
260232
260438
260638
260751
260924
260950
260973
260981
260987
261137
261214
261354
261429
261479
261495
261525
261548
261654
261685
261832
261858
262065
262086
262187
262220
262283
262386
262412
262843
262918
262973
263005
263052
263093
263170
263339
263456
263502
263583
263616
263854
263899
263951
263986
264095
264134
264213
264378
264537
264592
264797
264913
264933
265053
265111
265132
265337
265372
265535
265804
265843
265853
265875
265900
265956
266138
266151
266260
266323
266372
266388
266432
266552
266597
266649
266777
266852
266867
266903
266916
266970
267080
267148
267245
267271
267609
267618
267687
267695
267842
267943
267968
268063
268185
268269
268304
268309
268425
268503
268506
268561
268762
268839
268890
268905
268968
269134
269169
269224
269229
269268
269387
269432
269461
269473
269491
269581
269773
269919
269928
270021
270096
270338
270387
270649
270725
271025
271052
271624
271754
271885
271896
271903
272029
272311
272340
272480
272499
272549
272633
272642
272690
272716
272758
272785
272868
272910
272923
273055
273249
273280
273468
273510
273525
273915
273935
274038
274042
274179
274259
274386
274404
274513
274566
274600
274694
274721
274777
274903
274921
274990
275016
275036
275111
275316
275502
275625
275651
275723
275751
275894
275901
276185
276292
276297
276336
276443
276478
276540
276754
276892
276988
277200
277218
277242
277298
277317
277482
277720
277747
277912
277934
277939
278044
278528
278591
278620
279086
279088
279225
279228
279394
279555
279568
279727
279747
279805
280047
280156
280177
280254
280259
280278
280366
280447
280517
280552
280637
280919
281032
281191
281365
281446
281450
281533
281599
281611
281642
281947
281984
282027
282117
282126
282176
282259
282288
282556
282648
282757
282785
282807
282967
283000
283026
283094
283276
283289
283700
283903
284085
284428
284618
284636
284663
284727
284756
284759
284991
285002
285028
285058
285073
285155
285347
285421
285441
285469
285641
285643
285792
285863
286061
286064
286113
286115
286197
286312
286517
286535
286700
286731
286809
287105
287120
287435
287513
287597
287733
287756
287836
287919
287927
288407
288419
288504
288525
288577
288672
288692
288734
288736
288739
289090
289195
289200
289251
289374
289584
289720
289721
289752
289870
290019
290100
290107
290111
290203
290343
290401
290473
290577
290713
290748
290751
290912
291085
291093
291294
291475
291480
291487
291571
291658
291676
291683
291697
291716
291757
291934
291949
292130
292164
292381
292404
292410
292588
292590
292605
292620
292708
292776
293128
293147
293211
293215
293236
293310
293404
293524
293607
293933
293941
293992
294196
294207
294355
294426
294755
294807
294840
294972
295259
295380
296042
296163
296194
296248
296790
296803
296896
297002
297102
297533
297647
297656
297727
297744
297783
297834
297962
298293
298381
298423
298445
298542
298666
298695
298793
298794
298937
299020
299243
299253
299474
299541
299746
299781
299819
300367
300412
300469
300484
300521
300653
300803
300905
300917
300958
301105
301141
301159
301169
301171
301341
301378
301542
301658
301692
301866
301903
301938
301969
302069
302120
302203
302386
302410
302418
302587
302606
302936
303025
303219
303314
303472
303523
303597
303661
303704
303750
303753
303900
304082
304221
304319
304376
304429
304541
304610
304686
304725
304747
304889
305277
305362
305366
305809
306135
306340
306560
306628
306795
307009
307047
307052
307098
307146
307270
307523
307587
307613
307658
307723
307788
307800
307819
307872
307952
308044
308054
308094
308224
308301
308363
308378
308546
308613
308666
308692
308857
308897
309112
309134
309137
309215
309252
309287
309333
309420
309531
309705
309826
309858
309953
310034
310089
310200
310216
310267
310388
310451
310533
310835
310888
310992
311013
311029
311040
311146
311161
311343
311389
311393
311515
311654
311930
311997
312022
312073
312312
312328
312353
312445
312563
312620
312646
312708
312991
313150
313497
313519
313540
313727
313827
313858
313945
314048
314144
314410
314411
314480
314662
314764
314962
315170
315246
315250
315403
315787
316207
316319
316356
316528
316550
316599
316677
316759
316896
316901
316959
317055
317069
317142
317182
317472
317575
317819
317848
317882
318025
318143
318498
318506
318547
318748
318761
319146
319162
319234
319424
319563
319599
319781
319833
319874
319974
320045
320093
320140
320192
320205
320247
320440
320444
320510
320521
320633
320638
320797
320903
320940
320947
320954
320964
321165
321255
321369
321477
321548
321700
321749
321789
321829
322084
322273
322289
322365
322546
322825
323162
323210
323326
323417
323421
323864
323934
323935
324172
324233
324243
324247
324326
324577
324826
324951
325021
325319
325324
325814
325816
325942
325995
326307
326331
326399
326500
326568
326572
326698
326829
326832
326847
326912
326931
326997
327016
327229
327347
327561
327782
327834
327860
327959
328115
328219
328277
328585
328598
328666
328751
328755
328803
329133
329233
329677
329711
329766
330093
330389
330532
330613
330636
330835
330926
331109
331364
331488
331490
331505
331520
331621
331641
331738
331782
331809
331874
331993
332146
332232
332396
332403
332611
332727
332892
332960
333026
333070
333082
333146
333184
333284
333310
333466
333615
333849
333860
333933
333949
333999
334008
334075
334277
334393
334482
334614
334627
334935
334964
335072
335113
335270
335439
335640
335667
335680
335687
335807
335916
336100
336128
336215
336331
336407
336452
336495
336508
336515
336971
337286
