817
6815
10813
17409
17816
18904
23242
27756
31749
32698
32753
33644
33941
34755
35288
35809
43987
46787
50831
52316
54742
56608
57297
59366
60310
65256
66591
67778
68192
72038
72887
76551
80592
87520
90510
93067
101076
105269
106631
114966
116882
118013
118036
120551
121254
121421
126929
128326
128769
128975
129585
140184
145029
145763
155513
156390
157120
161986
169109
169169
174584
176279
177885
178153
178429
186230
188454
190850
194145
195220
200938
203136
206780
207291
207695
212610
214994
216414
224052
227507
229747
230509
231682
233643
234102
234206
236436
238825
240134
242393
243521
247925
249095
249958
254520
258829
258951
261214
261479
262973
268890
268905
273525
273935
275894
277242
280156
280259
282126
286061
290401
297744
301542
320954
